"0","data_long %>% 
  dplyr::filter(measure == ""likely"") %>% 
  tidyr::pivot_wider(names_from = dx,
                     names_prefix = ""lik_"",
                     values_from = rating) %>% 
  dplyr::select(""Race"" = race2, 
                ""Sex"" = gender, 
                ""ASD know"" = askspr_stand_score,
                starts_with(""lik"")) %>% 
  dplyr::rename_all(function(x) gsub(""lik_"", """", x)) %>% 
  dplyr::mutate_all(as.numeric) %>% 
  cor() %>% 
  xtable::xtable(caption = ""Correlation Matrix for Likelihood Ratings, pairwise deletion"") %>% 
  print(caption.placement = ""top"")
"
"2","Adding missing grouping variables: `id`
"
"2","`mutate_all()` ignored the following grouping variables:
Column `id`
Use `mutate_at(df, vars(-group_cols()), myoperation)` to silence the message.
"
"1","% latex table generated in R 4.0.3 by xtable 1.8-4 package
% Tue Mar 30 15:14:34 2021
\begin{table}[ht]
\centering
\caption{Correlation Matrix for Likelihood Ratings, pairwise deletion} 
\begin{tabular}{rrrrrrrrrrrr}
  \hline
 & id & Race & Sex & ASD know & ASD & ADHD & SLI & ED & ID & TBI & SLD \\ 
  \hline
id & 1.00 & -0.02 & 0.03 &  & -0.08 & -0.06 & 0.07 & -0.03 & -0.01 & -0.06 & 0.05 \\ 
  Race & -0.02 & 1.00 & 0.04 &  & -0.09 & 0.04 & 0.03 & 0.05 & -0.03 & 0.05 & 0.01 \\ 
  Sex & 0.03 & 0.04 & 1.00 &  & -0.06 & -0.16 & -0.04 & -0.17 & 0.04 & -0.02 & -0.07 \\ 
  ASD know &  &  &  & 1.00 &  &  &  &  &  &  &  \\ 
  ASD & -0.08 & -0.09 & -0.06 &  & 1.00 & 0.35 & 0.22 & 0.31 & 0.15 & 0.12 & 0.22 \\ 
  ADHD & -0.06 & 0.04 & -0.16 &  & 0.35 & 1.00 & 0.26 & 0.45 & 0.17 & 0.12 & 0.53 \\ 
  SLI & 0.07 & 0.03 & -0.04 &  & 0.22 & 0.26 & 1.00 & 0.14 & 0.39 & 0.40 & 0.25 \\ 
  ED & -0.03 & 0.05 & -0.17 &  & 0.31 & 0.45 & 0.14 & 1.00 & 0.19 & 0.28 & 0.18 \\ 
  ID & -0.01 & -0.03 & 0.04 &  & 0.15 & 0.17 & 0.39 & 0.19 & 1.00 & 0.45 & 0.23 \\ 
  TBI & -0.06 & 0.05 & -0.02 &  & 0.12 & 0.12 & 0.40 & 0.28 & 0.45 & 1.00 & 0.11 \\ 
  SLD & 0.05 & 0.01 & -0.07 &  & 0.22 & 0.53 & 0.25 & 0.18 & 0.23 & 0.11 & 1.00 \\ 
   \hline
\end{tabular}
\end{table}
"
